4.246222  92.0  
0.8782460000000016  196.0  
4.359064181818182  148.0  
7.126879333333335  80.0  
9.62478  48.0  
7.144774571428572  88.0  
3.5262710000000004  134.0  
3.1751510000000005  146.0  
4.246222  92.0  
10.11088  36.0  
6.1786460000000005  84.0  
6.064403142857143  96.0  
6.064403142857143  96.0  
9.62478  48.0  
3.528446000000001  140.0  
2.4244709999999996  154.0  
4.580546  136.0  
4.359064181818182  148.0  
5.358500545454546  140.0  
4.658545999999999  156.0  
3.500374571428572  184.0  
6.1786460000000005  84.0  
4.548471000000001  98.0  
4.8535460000000015  112.0  
4.8535460000000015  112.0  
3.5437682222222238  128.0  
4.8535460000000015  112.0  
3.5437682222222238  128.0  
3.528446000000001  140.0  
6.827160285714287  92.0  
5.866696000000001  108.0  
3.528446000000001  140.0  
5.866696000000001  108.0  
3.528446000000001  140.0  
5.866696000000001  108.0  
3.43443690909091  152.0  
6.128801555555556  116.0  
8.16648  84.0  
3.281412666666667  164.0  
6.298034888888889  112.0  
5.7499460000000004  128.0  
4.099812666666667  160.0  
1.4142556153846149  190.0  
3.8115075384615382  172.0  
7.503746  56.0  
-0.049248999999999654  180.0  
8.322146000000002  52.0  
6.064403142857143  96.0  
4.751668222222223  124.0  
5.866696000000001  108.0  
7.555779333333334  76.0  
7.555779333333334  76.0  
2.4244709999999996  154.0  
5.613346  120.0  
4.300330615384615  168.0  
7.432512666666667  44.0  
4.856503142857144  100.0  
3.4508960000000015  116.0  
4.856503142857144  100.0  
8.322146000000002  52.0  
7.3672460000000015  68.0  
3.5437682222222238  128.0  
7.951946000000001  64.0  
7.951946000000001  64.0  
4.8535460000000015  112.0  
3.5437682222222238  128.0  
4.751668222222223  124.0  
4.751668222222223  124.0  
4.751668222222223  124.0  
6.827160285714287  92.0  
2.2265369090909095  156.0  
2.2265369090909095  156.0  
2.4244709999999996  154.0  
2.4244709999999996  154.0  
4.580546  136.0  
5.613346  120.0  
4.580546  136.0  
3.43443690909091  152.0  
2.815391  150.0  
2.114784461538462  180.0  
5.321046000000001  132.0  
6.128801555555556  116.0  
6.128801555555556  116.0  
5.321046000000001  132.0  
4.359064181818182  148.0  
3.281412666666667  164.0  
2.4713528181818187  162.0  
3.0829921538461544  176.0  
3.0829921538461544  176.0  
5.000418727272727  144.0  
2.8211982727272726  158.0  
3.8115075384615382  172.0  
5.358500545454546  140.0  
2.848903142857144  188.0  
3.8115075384615382  172.0  
1.7728171538461537  186.0  
3.500374571428572  184.0  
4.957612666666666  152.0  
4.300330615384615  168.0  
3.500374571428572  184.0  
10.59698  24.0  
8.640412666666666  40.0  
6.827160285714287  92.0  
6.128801555555556  116.0  
7.6803799999999995  96.0  
8.322146000000002  52.0  
4.548471000000001  98.0  
3.0604960000000005  130.0  
6.064403142857143  96.0  
4.8535460000000015  112.0  
3.5437682222222238  128.0  
3.5437682222222238  128.0  
6.064403142857143  96.0  
4.8535460000000015  112.0  
4.215156714285714  110.0  
2.1647460000000005  144.0  
3.5437682222222238  128.0  
3.5437682222222238  128.0  
4.751668222222223  124.0  
3.4508960000000015  116.0  
3.528446000000001  140.0  
3.528446000000001  140.0  
2.4244709999999996  154.0  
1.686680090909091  170.0  
1.686680090909091  170.0  
4.751668222222223  124.0  
6.827160285714287  92.0  
5.866696000000001  108.0  
3.43443690909091  152.0  
3.43443690909091  152.0  
6.490346000000001  104.0  
4.580546  136.0  
0.6252248461538465  198.0  
3.281412666666667  164.0  
4.359064181818182  148.0  
3.281412666666667  164.0  
4.359064181818182  148.0  
3.1751510000000005  146.0  
0.3004710000000006  210.0  
6.159345999999999  72.0  
5.000418727272727  144.0  
4.099812666666667  160.0  
3.0829921538461544  176.0  
4.099812666666667  160.0  
4.658545999999999  156.0  
3.8115075384615382  172.0  
4.658545999999999  156.0  
2.848903142857144  188.0  
7.503746  56.0  
2.5862793333333336  200.0  
2.5862793333333336  200.0  
0.7208043333333334  214.0  
0.012521000000000226  230.0  
1.4198138571428573  198.0  
0.7208043333333334  214.0  
4.300330615384615  168.0  
6.064403142857143  96.0  
2.7478932222222223  142.0  
7.126879333333335  80.0  
6.064403142857143  96.0  
1.251852818181818  174.0  
3.4864710000000008  126.0  
2.0023910000000003  158.0  
2.0023910000000003  158.0  
1.251852818181818  174.0  
3.528446000000001  140.0  
7.503746  56.0  
3.528446000000001  140.0  
4.751668222222223  124.0  
2.4244709999999996  154.0  
1.686680090909091  170.0  
0.9429876666666666  186.0  
-0.9192443846153848  216.0  
3.2034602857142858  104.0  
1.686680090909091  170.0  
0.9429876666666666  186.0  
1.686680090909091  170.0  
1.686680090909091  170.0  
3.43443690909091  152.0  
8.65258  72.0  
3.43443690909091  152.0  
2.2033460000000007  168.0  
4.580546  136.0  
3.43443690909091  152.0  
0.6252248461538465  198.0  
0.6252248461538465  198.0  
-0.1171575714285713  214.0  
-2.727479  260.0  
-3.4800584117647064  276.0  
-0.1171575714285713  214.0  
-0.8636489999999999  230.0  
7.126879333333335  80.0  
2.3067710000000003  146.0  
7.3672460000000015  68.0  
3.281412666666667  164.0  
2.114784461538462  180.0  
-0.4363756666666663  226.0  
0.3004710000000006  210.0  
-0.4363756666666663  226.0  
-3.0368995882352943  272.0  
-3.7851512222222223  288.0  
-1.1777664999999997  242.0  
2.3067710000000003  146.0  
5.000418727272727  144.0  
2.1235376666666665  174.0  
1.4142556153846149  190.0  
4.868431000000001  86.0  
6.1786460000000005  84.0  
-0.3647665  234.0  
7.3672460000000015  68.0  
1.5491510000000008  162.0  
3.500374571428572  184.0  
4.856503142857144  100.0  
4.300330615384615  168.0  
0.7208043333333334  214.0  
0.012521000000000226  230.0  
0.012521000000000226  230.0  
4.300330615384615  168.0  
0.7208043333333334  214.0  
6.470055333333334  72.0  
6.064403142857143  96.0  
6.827160285714287  92.0  
2.815391  150.0  
3.281412666666667  164.0  
4.856503142857144  100.0  
6.064403142857143  96.0  
4.099812666666667  160.0  
7.6803799999999995  96.0  
7.6803799999999995  96.0  
7.19428  108.0  
1.4198138571428573  198.0  
6.22208  132.0  
6.724496  100.0  
3.528446000000001  140.0  
3.1543932222222226  138.0  
7.126879333333335  80.0  
4.215156714285714  110.0  
7.126879333333335  80.0  
2.2033460000000007  168.0  
1.3624710000000004  182.0  
-5.348929  306.0  
1.3624710000000004  182.0  
7.503746  56.0  
6.1786460000000005  84.0  
8.322146000000002  52.0  
2.114784461538462  180.0  
1.7559876666666667  178.0  
6.064403142857143  96.0  
-5.650029  318.0  
0.3004710000000006  210.0  
4.215156714285714  110.0  
2.7478932222222223  142.0  
-0.029875666666666856  222.0  
4.711079333333332  88.0  
3.808656714285714  114.0  
1.068956714285714  202.0  
0.35585100000000014  218.0  
1.251852818181818  174.0  
2.7478932222222223  142.0  
5.866696000000001  108.0  
4.751668222222223  124.0  
6.827160285714287  92.0  
3.5437682222222238  128.0  
6.490346000000001  104.0  
3.0829921538461544  176.0  
4.711079333333332  88.0  
3.8115075384615382  172.0  
2.5862793333333336  200.0  
2.0023910000000003  158.0  
3.528446000000001  140.0  
4.751668222222223  124.0  
5.866696000000001  108.0  
4.751668222222223  124.0  
6.064403142857143  96.0  
6.159345999999999  72.0  
4.116004333333334  102.0  
6.064403142857143  96.0  
4.8535460000000015  112.0  
-0.4363756666666663  226.0  
4.8535460000000015  112.0  
3.5437682222222238  128.0  
4.116004333333334  102.0  
4.856503142857144  100.0  
3.5437682222222238  128.0  
2.7478932222222223  142.0  
3.0604960000000005  130.0  
4.399611  90.0  
3.6316043333333337  106.0  
3.1543932222222226  138.0  
7.126879333333335  80.0  
3.528446000000001  140.0  
3.43443690909091  152.0  
4.751668222222223  124.0  
4.751668222222223  124.0  
2.2033460000000007  168.0  
7.126879333333335  80.0  
0.6252248461538465  198.0  
6.128801555555556  116.0  
6.128801555555556  116.0  
2.114784461538462  180.0  
2.848903142857144  188.0  
5.610471  70.0  
3.0604960000000005  130.0  
5.5067553333333334  76.0  
4.580546  136.0  
7.126879333333335  80.0  
7.126879333333335  80.0  
6.159345999999999  72.0  
7.432512666666667  44.0  
6.064403142857143  96.0  
3.500374571428572  184.0  
7.951946000000001  64.0  
4.751668222222223  124.0  
1.686680090909091  170.0  
3.528446000000001  140.0  
7.503746  56.0  
3.3576424285714292  118.0  
2.5955710000000005  134.0  
2.7478932222222223  142.0  
2.4244709999999996  154.0  
4.8535460000000015  112.0  
3.43443690909091  152.0  
4.751668222222223  124.0  
4.751668222222223  124.0  
3.528446000000001  140.0  
3.281412666666667  164.0  
6.724496  100.0  
4.8535460000000015  112.0  
5.000418727272727  144.0  
5.867246  124.0  
2.4244709999999996  154.0  
3.500374571428572  184.0  
2.7478932222222223  142.0  
5.925237666666667  58.0  
6.064403142857143  96.0  
3.43443690909091  152.0  
8.640412666666666  40.0  
3.528446000000001  140.0  
4.751668222222223  124.0  
0.9429876666666666  186.0  
4.359064181818182  148.0  
3.281412666666667  164.0  
7.126879333333335  80.0  
6.064403142857143  96.0  
4.8535460000000015  112.0  
4.856503142857144  100.0  
5.000418727272727  144.0  
6.1786460000000005  84.0  
7.126879333333335  80.0  
3.0604960000000005  130.0  
2.5955710000000005  134.0  
1.251852818181818  174.0  
4.300330615384615  168.0  
1.686680090909091  170.0  
7.144774571428572  88.0  
3.5262710000000004  134.0  
6.128801555555556  116.0  
3.1751510000000005  146.0  
6.064403142857143  96.0  
6.490346000000001  104.0  
7.3672460000000015  68.0  
2.5862793333333336  200.0  
4.359064181818182  148.0  
0.9429876666666666  186.0  
10.59698  24.0  
1.0317248461538469  194.0  
3.528446000000001  140.0  
-2.727479  260.0  
4.359064181818182  148.0  
6.159345999999999  72.0  
7.126879333333335  80.0  
4.711079333333332  88.0  
-3.0368995882352943  272.0  
-3.7851512222222223  288.0  
-1.1777664999999997  242.0  
5.7499460000000004  128.0  
4.099812666666667  160.0  
5.000418727272727  144.0  
1.4142556153846149  190.0  
3.500374571428572  184.0  
6.1786460000000005  84.0  
7.3672460000000015  68.0  
4.8535460000000015  112.0  
9.62478  48.0  
3.281412666666667  164.0  
2.114784461538462  180.0  
4.8535460000000015  112.0  
-0.4363756666666663  226.0  
2.114784461538462  180.0  
0.3004710000000006  210.0  
2.7478932222222223  142.0  
3.528446000000001  140.0  
1.9748602857142856  192.0  
7.555779333333334  76.0  
3.8115075384615382  172.0  
4.300330615384615  168.0  
7.144774571428572  88.0  
0.7208043333333334  214.0  
6.064403142857143  96.0  
9.62478  48.0  
3.43443690909091  152.0  
0.6252248461538465  198.0  
1.635526555555555  158.0  
-5.348929  306.0  
3.528446000000001  140.0  
3.528446000000001  140.0  
3.5437682222222238  128.0  
4.856503142857144  100.0  
2.5862793333333336  200.0  
2.7478932222222223  142.0  
5.866696000000001  108.0  
6.724496  100.0  
3.5437682222222238  128.0  
6.128801555555556  116.0  
6.128801555555556  116.0  
5.321046000000001  132.0  
4.580546  136.0  
6.1786460000000005  84.0  
3.528446000000001  140.0  
6.1786460000000005  84.0  
2.2033460000000007  168.0  
2.2265369090909095  156.0  
5.613346  120.0  
6.70818  120.0  
6.70818  120.0  
5.906345999999999  60.0  
1.686680090909091  170.0  
6.064403142857143  96.0  
-3.4800584117647064  276.0  
-0.1171575714285713  214.0  
0.7208043333333334  214.0  
7.555779333333334  76.0  
5.165021000000001  74.0  
8.223194000000001  38.0  
4.8535460000000015  112.0  
8.629794  26.0  
-0.8636489999999999  230.0  
4.751668222222223  124.0  
4.856503142857144  100.0  
6.1786460000000005  84.0  
7.126879333333335  80.0  
9.62478  48.0  
3.808656714285714  114.0  
4.8535460000000015  112.0  
8.640412666666666  40.0  
6.70818  120.0  
5.000418727272727  144.0  
4.658545999999999  156.0  
7.126879333333335  80.0  
5.321046000000001  132.0  
7.126879333333335  80.0  
3.43443690909091  152.0  
3.0829921538461544  176.0  
4.751668222222223  124.0  
4.751668222222223  124.0  
4.580546  136.0  
6.064403142857143  96.0  
6.70818  120.0  
6.70818  120.0  
4.751668222222223  124.0  
4.856503142857144  100.0  
2.4713528181818187  162.0  
4.8535460000000015  112.0  
7.126879333333335  80.0  
2.815391  150.0  
4.751668222222223  124.0  
7.126879333333335  80.0  
1.686680090909091  170.0  
7.951946000000001  64.0  
3.528446000000001  140.0  
3.281412666666667  164.0  
6.1786460000000005  84.0  
3.43443690909091  152.0  
3.281412666666667  164.0  
2.114784461538462  180.0  
2.2033460000000007  168.0  
6.064403142857143  96.0  
4.856503142857144  100.0  
7.126879333333335  80.0  
5.866696000000001  108.0  
3.5437682222222238  128.0  
6.490346000000001  104.0  
6.490346000000001  104.0  
5.321046000000001  132.0  
7.6803799999999995  96.0  
5.613346  120.0  
2.2033460000000007  168.0  
4.856503142857144  100.0  
3.4508960000000015  116.0  
9.62478  48.0  
8.828845999999999  28.0  
6.159345999999999  72.0  
7.503746  56.0  
7.126879333333335  80.0  
2.4713528181818187  162.0  
6.064403142857143  96.0  
3.281412666666667  164.0  
6.827160285714287  92.0  
6.064403142857143  96.0  
5.866696000000001  108.0  
2.2265369090909095  156.0  
3.5437682222222238  128.0  
3.500374571428572  184.0  
4.300330615384615  168.0  
6.1786460000000005  84.0  
2.1647460000000005  144.0  
2.114784461538462  180.0  
7.503746  56.0  
10.59698  56.0  
3.5262710000000004  134.0  
0.9791800909090909  180.0  
3.1751510000000005  146.0  
0.6419876666666666  192.0  
6.159345999999999  72.0  
6.064403142857143  96.0  
4.8535460000000015  112.0  
3.528446000000001  140.0  
4.751668222222223  124.0  
6.827160285714287  92.0  
5.906345999999999  60.0  
7.432512666666667  44.0  
6.064403142857143  96.0  
7.503746  56.0  
7.126879333333335  80.0  
4.116004333333334  102.0  
7.951946000000001  64.0  
8.322146000000002  52.0  
2.848903142857144  188.0  
8.322146000000002  52.0  
5.358500545454546  140.0  
5.866696000000001  108.0  
9.138679999999999  60.0  
4.300330615384615  168.0  
3.5437682222222238  128.0  
3.528446000000001  140.0  
3.2034602857142858  104.0  
6.159345999999999  72.0  
5.358500545454546  140.0  
11.083079999999999  12.0  
4.751668222222223  124.0  
7.126879333333335  80.0  
3.1543932222222226  138.0  
5.866696000000001  108.0  
3.4508960000000015  116.0  
5.866696000000001  108.0  
7.951946000000001  64.0  
3.528446000000001  140.0  
0.9429876666666666  186.0  
6.064403142857143  96.0  
6.064403142857143  96.0  
4.8535460000000015  112.0  
6.159345999999999  72.0  
4.751668222222223  124.0  
4.8535460000000015  112.0  
6.827160285714287  92.0  
4.711079333333332  88.0  
4.856503142857144  100.0  
7.951946000000001  64.0  
4.099812666666667  160.0  
6.1786460000000005  84.0  
6.159345999999999  72.0  
5.866696000000001  108.0  
3.8115075384615382  172.0  
4.658545999999999  156.0  
5.866696000000001  108.0  
6.1786460000000005  84.0  
3.1543932222222226  138.0  
5.866696000000001  108.0  
7.3672460000000015  68.0  
10.11088  36.0  
4.751668222222223  124.0  
4.957612666666666  152.0  
4.711079333333332  88.0  
6.827160285714287  92.0  
7.3672460000000015  68.0  
6.064403142857143  96.0  
5.866696000000001  108.0  
4.8535460000000015  112.0  
7.503746  56.0  
6.159345999999999  72.0  
5.866696000000001  108.0  
5.866696000000001  108.0  
5.866696000000001  108.0  
6.827160285714287  92.0  
4.751668222222223  124.0  
7.503746  56.0  
10.59698  24.0  
7.503746  56.0  
8.640412666666666  40.0  
11.083079999999999  12.0  
8.828845999999999  28.0  
7.432512666666667  44.0  
7.432512666666667  44.0  
7.432512666666667  44.0  
8.828845999999999  28.0  
4.099812666666667  160.0  
4.658545999999999  156.0  
0.35585100000000014  218.0  
2.5862793333333336  200.0  
0.012521000000000226  230.0  
6.1786460000000005  84.0  
6.1786460000000005  84.0  
5.866696000000001  108.0  
5.866696000000001  108.0  
4.8535460000000015  112.0  
4.8535460000000015  112.0  
4.116004333333334  102.0  
