! 50.216636      18.676478        5600      8150      11100      15000      13100      10590      15000      5600
! 50.186111      18.634167        12400      18800      28100      17100      17100      18700      28100      12400
! 50.049167      18.776944        25900      35100      19900      35300      44300      32100      44300      19900
! 49.967222      18.689722        61800      60800      59600      62900      58800      60780      62900      58800
! 49.999722      18.612222        11200      11000      13600      13700      15900      13080      15900      11000
! 49.966046      18.626804        20100      22500      25300      24700      26700      23860      26700      20100
! 50.174275      18.759217        29500      26600      19200      23900      19900      23820      29500      19200
! 49.966389      18.568889        6990      8980      11300      8270      7800      8668      11300      6990
! 50.179939      19.007364        13800      14100      3550      1430      1060      6788      14100      1060
! 50.225139      19.047592        14300      15400      17700      20300      16200      16780      20300      14300
! 50.180618      19.095504        41900      33200      38300      34900      35000      36660      41900      33200
! 50.2481      18.9278                17200      10700      4380      6050      16100      10886      17200      4380
! 50.244827      19.080187        16800      15700      17200      14000      13000      15340      17200      13000
! 50.2425      18.9869                7010      1790      926      3200      3540      3293.2      7010      926
! 50.141667      18.863456        1230      386      517      0      303      487.2      1230      0
! 50.242621      18.857603        9690      6970      8470      7410      5530      7614      9690      5530
! 50.272868      18.774787        3890      6360      1400      1070      2990      3142      6360      1070
! 50.265225      18.835683        27700      28200      26400      27700      21600      26320      28200      21600
! 50.0702      18.5533                8090      6690      7940      8500      9450      8134      9450      6690
! 50.047219      18.584747        14900      12000      17400      2050      455      9361      17400      455
! 50.04223      18.48746        17700      17500      20400      14500      13400      16700      20400      13400
! 50.277937      18.872215        1730      1760      3730      1290      2640      2230      3730      1290
! 50.06388      18.4375                12300      17200      13300      14800      12000      13920      17200      12000
! 50.04642      18.392229        2290      3830      4670      2310      3440      3308      4670      2290
! 50.273503      18.711868        18900      19000      18300      25000      29400      22120      29400      18300
! 49.939222      19.015522        24300      13900      12200      8670      1030      12020      24300      1030
! 50.173055      18.7525              12000      5810      1140      1200      2030      4436      12000      1140
