        Date    Time     T [C], RH [%] P [hPa], SO4 [molecules cm-3],   BC,    OC,    SS,     DU   [ug m-3 (air)],  N_cs [N cm-3 (air)]
5 1.
     01.07.2001 12:00    26.0    71     993.0        10.5               1.0    1.0    1.0     1.0                     10.
     02.07.2001 12:00    28.0    66    1003.0        20.5               2.0    2.1    2.2     2.3                     20.
     03.07.2001 12:00    23.0    86     953.0        30.5               3.0    3.1    3.2     3.3                     15.
     04.07.2001 12:00    32.0    45    1013.0        40.5               4.0    4.1    4.2     4.3                     30.
     05.07.2001 12:00    21.0    95     973.0        50.5               5.0    5.1    5.2     5.3                      5.
     06.07.2001 12:00    26.0    71     993.0        10.5               1.0    1.0    1.0     1.0                     10.
     07.07.2001 12:00    28.0    66    1003.0        20.5               2.0    2.1    2.2     2.3                     20.
     08.07.2001 12:00    23.0    86     953.0        30.5               3.0    3.1    3.2     3.3                     15.
     09.07.2001 12:00    32.0    45    1013.0        40.5               4.0    4.1    4.2     4.3                     30.
     10.07.2001 12:00    21.0    95     973.0        50.5               5.0    5.1    5.2     5.3                      5.
     11.07.2001 12:00    26.0    71     993.0        10.5               1.0    1.0    1.0     1.0                     10.
     12.07.2001 12:00    28.0    66    1003.0        20.5               2.0    2.1    2.2     2.3                     20.
     13.07.2001 12:00    23.0    86     953.0        30.5               3.0    3.1    3.2     3.3                     15.
     14.07.2001 12:00    32.0    45    1013.0        40.5               4.0    4.1    4.2     4.3                     30.
     15.07.2001 12:00    21.0    95     973.0        50.5               5.0    5.1    5.2     5.3                      5.
     16.07.2001 12:00    26.0    71     993.0        10.5               1.0    1.0    1.0     1.0                     10.
     17.07.2001 12:00    28.0    66    1003.0        20.5               2.0    2.1    2.2     2.3                     20.
     18.07.2001 12:00    23.0    86     953.0        30.5               3.0    3.1    3.2     3.3                     15.
     19.07.2001 12:00    32.0    45    1013.0        40.5               4.0    4.1    4.2     4.3                     30.
     20.07.2001 12:00    21.0    95     973.0        50.5               5.0    5.1    5.2     5.3                      5.
     21.07.2001 12:00    26.0    71     993.0        10.5               1.0    1.0    1.0     1.0                     10.
     22.07.2001 12:00    28.0    66    1003.0        20.5               2.0    2.1    2.2     2.3                     20.
     23.07.2001 12:00    23.0    86     953.0        30.5               3.0    3.1    3.2     3.3                     15.
     24.07.2001 12:00    32.0    45    1013.0        40.5               4.0    4.1    4.2     4.3                     30.
     25.07.2001 12:00    21.0    95     973.0        50.5               5.0    5.1    5.2     5.3                      5.
     26.07.2001 12:00    26.0    71     993.0        10.5               1.0    1.0    1.0     1.0                     10.
     27.07.2001 12:00    28.0    66    1003.0        20.5               2.0    2.1    2.2     2.3                     20.
     28.07.2001 12:00    23.0    86     953.0        30.5               3.0    3.1    3.2     3.3                     15.
     29.07.2001 12:00    32.0    45    1013.0        40.5               4.0    4.1    4.2     4.3                     30.
     30.07.2001 12:00    21.0    95     973.0        50.5               5.0    5.1    5.2     5.3                      5.

