gridtype  : gaussian
gridsize  : 51200
xname     : lon
xlongname : longitude
xunits    : degrees_east
yname     : lat
ylongname : latitude
yunits    : degrees_north
xsize     : 320	
ysize     : 160
xfirst    : -180.0
xinc      : 1.125
yvals     : -89.1415176391602  -88.029426574707  -86.910774230957 
    -85.7906265258789  -84.669921875  -83.5489501953125  -82.4278182983398 
    -81.3065948486328  -80.1853103637695  -79.0639801025391 
    -77.942626953125  -76.8212432861328  -75.6998443603516 
    -74.5784301757812  -73.4570083618164  -72.335578918457 
    -71.2141342163086  -70.0926895141602  -68.9712371826172 
    -67.8497848510742  -66.7283248901367  -65.6068649291992 
    -64.4853973388672  -63.3639335632324  -62.2424621582031 
    -61.1209907531738  -59.9995193481445  -58.878044128418 
    -57.7565689086914  -56.6350936889648  -55.513614654541 
    -54.3921356201172  -53.2706565856934  -52.1491737365723 
    -51.0276947021484  -49.9062118530273  -48.7847290039062 
    -47.6632461547852  -46.5417633056641  -45.420280456543 
    -44.2987937927246  -43.1773109436035  -42.0558242797852 
    -40.9343376159668  -39.8128509521484  -38.6913642883301 
    -37.569881439209  -36.4483909606934  -35.326904296875  -34.2054176330566 
    -33.0839309692383  -31.9624443054199  -30.8409557342529 
    -29.7194671630859  -28.5979785919189  -27.476490020752 
    -26.3550033569336  -25.2335147857666  -24.112024307251  -22.990535736084 
    -21.869047164917  -20.74755859375  -19.626070022583  -18.5045795440674 
    -17.3830909729004  -16.2616004943848  -15.1401119232178 
    -14.0186223983765  -12.8971328735352  -11.7756433486938 
    -10.6541528701782  -9.53266334533691  -8.41117382049561 
    -7.2896842956543  -6.16819429397583  -5.04670429229736 
    -3.92521452903748  -2.80372476577759  -1.68223488330841 
    -0.560744941234589  0.560744941234589  1.68223488330841 
    2.80372476577759  3.92521452903748  5.04670429229736  6.16819429397583 
    7.2896842956543  8.41117382049561  9.53266334533691  10.6541528701782 
    11.7756433486938  12.8971328735352  14.0186223983765  15.1401119232178 
    16.2616004943848  17.3830909729004  18.5045795440674  19.626070022583 
    20.74755859375  21.869047164917  22.990535736084  24.112024307251 
    25.2335147857666  26.3550033569336  27.476490020752  28.5979785919189 
    29.7194671630859  30.8409557342529  31.9624443054199  33.0839309692383 
    34.2054176330566  35.326904296875  36.4483909606934  37.569881439209 
    38.6913642883301  39.8128509521484  40.9343376159668  42.0558242797852 
    43.1773109436035  44.2987937927246  45.420280456543  46.5417633056641 
    47.6632461547852  48.7847290039062  49.9062118530273  51.0276947021484 
    52.1491737365723  53.2706565856934  54.3921356201172  55.513614654541 
    56.6350936889648  57.7565689086914  58.878044128418  59.9995193481445 
    61.1209907531738  62.2424621582031  63.3639335632324  64.4853973388672 
    65.6068649291992  66.7283248901367  67.8497848510742  68.9712371826172 
    70.0926895141602  71.2141342163086  72.335578918457  73.4570083618164 
    74.5784301757812  75.6998443603516  76.8212432861328  77.942626953125 
    79.0639801025391  80.1853103637695  81.3065948486328  82.4278182983398 
    83.5489501953125  84.669921875  85.7906265258789  86.910774230957 
    88.029426574707  89.1415176391602 

