87 
temperature      
158.5139  184.3570  197.4330  209.1402  217.7358  228.7752  238.7035  
245.3248  251.3256  255.8747  260.0559  262.8771  264.5670  263.8221  
262.4594  262.5148  262.4288  262.0472  262.6546  262.0316  259.1668  
255.7384  254.0584  252.6118  250.4076  247.2732  243.9899  240.8864  
238.3976  236.5543  234.6716  233.8434  232.9021  231.1164  229.0997  
227.2533  225.5488  223.7280  221.9832  220.4854  219.1192  217.8794  
216.8729  215.9475  215.1641  214.8898  214.6539  213.7641  212.8020  
211.9609  211.6152  210.9178  209.9846  208.7739  208.1536  207.1008  
205.9057  205.5058  204.1129  204.0392  203.8766  204.6964  206.7306  
210.6510  214.9061  219.6682  224.5607  229.7632  235.3386  241.2137  
246.7009  252.0502  257.2332  261.7278  265.5669  269.0450  272.0397  
275.3416  278.2068  280.6674  282.4647  283.2191  283.5231  285.6069  
287.5804  289.6086  290.7891 
specific_humidity
  1.659671e-06  2.560082e-06  3.198273e-06  3.549626e-06  3.667834e-06  
    3.728128e-06  3.753473e-06  3.791014e-06  3.83381e-06  3.851821e-06  
    3.854288e-06  3.852179e-06  3.845431e-06  3.830272e-06  3.811389e-06  
    3.790917e-06  3.773361e-06  3.755196e-06  3.734911e-06  3.712748e-06  
    3.677061e-06  3.629552e-06  3.586593e-06  3.553669e-06  3.526636e-06  
    3.499488e-06  3.452728e-06  3.343331e-06  3.239884e-06  3.203589e-06  
    3.252954e-06  3.269307e-06  3.234112e-06  3.183489e-06  3.137319e-06  
    3.10732e-06  3.056842e-06  2.97045e-06  2.878243e-06  2.8374e-06  
    2.818577e-06  2.778917e-06  2.717038e-06  2.67303e-06  2.655727e-06  
    2.662763e-06  2.705503e-06  2.741984e-06  2.633023e-06  2.402537e-06  
    2.276485e-06  2.311015e-06  2.240097e-06  2.097423e-06  2.094253e-06  
    2.220953e-06  2.528707e-06  4.304204e-06  7.991912e-06  9.431576e-06  
    9.503918e-06  9.552449e-06  1.110426e-05  1.532091e-05  2.15599e-05  
    3.47677e-05  4.99771e-05  9.614732e-05  0.0001457165  0.0002299046  
    0.0003329071  0.0006120123  0.0008344347  0.000987358  0.001091987  
    0.001262938  0.001369263  0.00139311  0.001612519  0.002079473  
    0.002750663  0.003613906  0.005840434  0.007146078  0.009964031  
    0.01000395  0.01035406 
pressure         
  0.9945927  3.660446  7.223907  11.25661  15.8164  20.96771  26.78225  
    33.33971  40.72861  49.04716  58.40417  68.92014  80.72836  93.97604  
    108.8258  125.4567  144.0662  164.8716  188.1116  214.0484  242.9694  
    275.19  311.0549  350.9413  395.2612  444.464  499.0396  559.5214  
    626.4893  700.5734  782.4577  872.8832  972.6525  1082.634  1203.764  
    1337.056  1483.6  1644.57  1821.23  2015.025  2227.619  2460.834  
    2716.671  2997.324  3305.201  3642.941  4013.443  4419.883  4865.748  
    5354.861  5891.589  6480.854  7127.059  7834.965  8611.794  9464.997  
    10402.39  11430.52  12559.89  13803.88  15172.62  16676.98  18331.61  
    20151.2  22150.41  24347.45  26759.03  29398.96  32283.04  35428.27  
    38844.88  42537.12  46495.41  50688.61  55066.98  59594.29  64231.01  
    68930.05  73654.07  78356.98  82982.53  87447.52  91640.6  95431.52  
    98654.66  101092.8  102481.7 

