31 
ECHAM5_tm1 =
    211.7928  211.7366  211.4767  210.9667  211.6744  212.5467  214.1886  
    216.4678  219.5033  223.4346  228.2857  234.0047  239.6103  244.9822  
    249.4101  252.7642  256.2497  259.0269  262.1796  265.0833  267.5886  
    270.2874  273.0668  276.3094  279.2922  281.0577  280.7672  281.5013  
    282.7411  283.3463  283.9251 
 ECHAM5_qm1 =
  2.729032e-06  3.216424e-06  3.809737e-06  4.464942e-06  
    7.074197e-06  2.360344e-05  4.269083e-05  5.304278e-05  7.174347e-05  
    0.0001066425  0.0001624181  0.0002374277  0.0004301821  0.0006504873  
    0.0008579019  0.0009411488  0.001027951  0.00101297  0.001016606  
    0.001042889  0.001004035  0.0007993559  0.000589694  0.000588195  
    0.001036398  0.002128874  0.004169711  0.005250936  0.006691888  
    0.007532791  0.007788226 
 ECHAM5_press =
    10400.79  11426.38  12551.08  13787.44  15144.79  16633.14  18266.22  
    20057.92  22022.06  24175.99  26535.62  29114.14  31926.73  34989.93  
    38313.77  41902.71  45747.98  49820.16  54071.93  58469.09  62974.24  
    67542.49  72138.17  76716.85  81223.94  85578.25  89670.77  93373.69  
    96524.27  98909  100267.8 
 ECHAM5_pressi =
    9910.72 
    10890.85  11961.91  13140.26  14434.62  15854.97  17411.3   19121.15  
    20994.7   23049.42  25302.57  27768.68  30459.59  33393.87  36585.98  
    40041.56  43763.86  47732.09  51908.22  56235.62  60702.55  65245.93  
    69839.07  74437.27  78996.42  83451.46  87705.04  91636.51  95110.86  
    97937.67  99880.32  100655.4 

