87 
 ECHAM5_tm1 =
  162.616  185.5853  199.0407  209.7741  220.4933  229.9027  236.5395  
    241.7428  246.2231  250.0917  252.6935  254.1245  255.78  257.1066  
    257.7496  258.3351  258.3309  257.697  256.4595  254.6547  252.4931  
    250.4805  248.5806  246.4924  244.4768  242.3159  240.0892  237.5176  
    235.0479  232.741  230.5978  228.9045  227.3516  226.055  224.9145  
    224.1788  223.6845  223.3486  223.0204  222.3249  221.5172  220.8797  
    220.2075  219.4627  218.7307  218.1375  217.7238  217.4763  217.5669  
    217.4605  216.9896  216.4903  215.785  214.7334  213.6044  212.6481  
    211.7928  211.7366  211.4767  210.9667  211.6744  212.5467  214.1886  
    216.4678  219.5033  223.4346  228.2857  234.0047  239.6103  244.9822  
    249.4101  252.7642  256.2497  259.0269  262.1796  265.0833  267.5886  
    270.2874  273.0668  276.3094  279.2922  281.0577  280.7672  281.5013  
    282.7411  283.3463  283.9251 
 ECHAM5_qm1 =
  2.345274e-06  3.338691e-06  3.883836e-06  4.03558e-06  4.042371e-06  
    4.039741e-06  4.029139e-06  4.022798e-06  4.016835e-06  4.015293e-06  
    4.010617e-06  4.003807e-06  3.993871e-06  3.969351e-06  3.951477e-06  
    3.945384e-06  3.948358e-06  3.961726e-06  3.965321e-06  3.977431e-06  
    3.977655e-06  3.964446e-06  3.940208e-06  3.914755e-06  3.868008e-06  
    3.846726e-06  3.812548e-06  3.75873e-06  3.663559e-06  3.611676e-06  
    3.576978e-06  3.528859e-06  3.473284e-06  3.427336e-06  3.363426e-06  
    3.270886e-06  3.156592e-06  3.077216e-06  3.034612e-06  3.022423e-06  
    3.022061e-06  3.01995e-06  3.022747e-06  3.003074e-06  2.958396e-06  
    2.899229e-06  2.82069e-06  2.752392e-06  2.696652e-06  2.586788e-06  
    2.449402e-06  2.435254e-06  2.357134e-06  2.270598e-06  2.267154e-06  
    2.380047e-06  2.729032e-06  3.216424e-06  3.809737e-06  4.464942e-06  
    7.074197e-06  2.360344e-05  4.269083e-05  5.304278e-05  7.174347e-05  
    0.0001066425  0.0001624181  0.0002374277  0.0004301821  0.0006504873  
    0.0008579019  0.0009411488  0.001027951  0.00101297  0.001016606  
    0.001042889  0.001004035  0.0007993559  0.000589694  0.000588195  
    0.001036398  0.002128874  0.004169711  0.005250936  0.006691888  
    0.007532791  0.007788226 
 ECHAM5_press =
  0.9945927  3.660446  7.223907  11.25661  15.8164  20.96771  26.78225  
    33.33971  40.72861  49.04716  58.40417  68.92014  80.72836  93.97604  
    108.8258  125.4567  144.0662  164.8716  188.1116  214.0484  242.9694  
    275.19  311.0549  350.9413  395.2612  444.464  499.0396  559.5214  
    626.4893  700.5734  782.4577  872.8832  972.6525  1082.634  1203.764  
    1337.056  1483.6  1644.57  1821.23  2015.025  2227.619  2460.834  
    2716.671  2997.324  3305.201  3642.941  4013.443  4419.883  4865.748  
    5354.861  5891.589  6480.854  7127.059  7834.965  8611.742  9464.564  
    10400.79  11426.38  12551.08  13787.44  15144.79  16633.14  18266.22  
    20057.92  22022.06  24175.99  26535.62  29114.14  31926.73  34989.93  
    38313.77  41902.71  45747.98  49820.16  54071.93  58469.09  62974.24  
    67542.49  72138.17  76716.85  81223.94  85578.25  89670.77  93373.69  
    96524.27  98909  100267.8 
 ECHAM5_pressi =
  0  1.989185  5.331706  9.116109  13.39711  18.23569  23.69974  29.86476  
    36.81466  44.64257  53.45174  63.35659  74.4837  86.97301  100.9791  
    116.6724  134.2409  153.8915  175.8517  200.3715  227.7252  258.2137  
    292.1663  329.9435  371.9391  418.5833  470.3448  527.7344  591.3082  
    661.6702  739.4766  825.4388  920.3276  1024.977  1140.29  1267.239  
    1406.874  1560.327  1728.814  1913.645  2116.405  2338.833  2582.835  
    2850.507  3144.142  3466.26  3819.623  4207.263  4632.503  5098.992  
    5610.73  6172.447  6789.262  7464.856  8205.074  9018.409  9910.72  
    10890.85  11961.91  13140.26  14434.62  15854.97  17411.3  19121.15  
    20994.7  23049.42  25302.57  27768.68  30459.59  33393.87  36585.98  
    40041.56  43763.86  47732.09  51908.22  56235.62  60702.55  65245.93  
    69839.07  74437.27  78996.42  83451.46  87705.04  91636.51  95110.86  
    97937.67  99880.32  100655.4 

